#TITLE:1_2;
#SUBTITLE:;
#ARTIST:;
#CREDIT:;
#MUSIC:1_2_Audio.wav;
#SELECTABLE:YES;
#BACKGROUND:;
#BANNER:;
#CDTITLE:;
#OFFSET:-1.663;
#SAMPLESTART:0.000;
#SAMPLELENGTH:0.000;
#BPMS:0=150;
#STOPS:;
//---------------dance-single - ----------------
#NOTES:
     dance-single:
     :
     Medium:
     1:
     0.000,0.000,0.000,0.000,0.000:
1000
0000
0100
0000
0010
0000
0001
0030
,
0300
0000
0000
3000
0000
0000
0000
0000
0200
0000
0000
0020
0000
0000
0004
0000
,
1000
0000
0100
0001
1000
0001
0020
4000
,
0010
0000
1000
0100
0010
0001
0010
0100
,
1000
0000
0001
0010
0100
1000
0100
0010
,
1000
0000
0010
0000
0002
0000
4000
0100
,
4000
0030
0100
0001
,
0100
0000
0000
0004
0000
0000
0010
0000
0004
0000
0000
0000
1000
0000
0000
0000
,
0001
1000
0001
1000
,
0300
1000
0020
1000
,
0001
1000
0300
1000
,
0001
1000
0020
1000
,
0001
0000
0010
0000
0100
0010
0004
0400
,
1000
0000
0001
0000
1000
0300
0001
0000
,
0020
0000
1000
0000
0100
0001
0010
0004
,
1000
0000
0100
0000
4000
0001
0000
0010
0004
0000
0000
0000
1000
0000
0000
0000
,
0001
0000
0100
0000
,
0010
0000
1000
0001
,
0010
0000
0000
0010
3000
0000
0020
0002
,
0100
0000
0000
0000
0000
0000
0100
0010
,
4000
0000
0000
0010
0001
0000
0100
0000
,
1000
0100
0010
0001
,
4000
0000
0000
0000
0000
0200
0020
0004
,
1000
0000
0001
0000
1000
0020
0002
0000
,
1000
0200
0020
0300
0002
0000
4000
0000
,
0010
1000
0002
0040
,
4000
0000
0000
0000
0300
0000
0020
0000
0300
0000
0000
0000
1000
0000
0100
0010
,
0001
0000
0000
0000
4000
0000
0000
0000
0004
0000
0000
0000
0010
0000
0100
1000
,
0030
1000
0010
0100
,
0030
0200
0040
0001
,
0100
0000
1000
0000
0001
0010
0100
1000
,
0001
0000
0000
0000
0000
0000
0000
0000
0004
0000
0000
0000
0000
0000
0010
0100
,
1000
0000
0000
0000
0030
0000
0000
0000
0002
0000
0000
0100
0000
0000
0010
0000
,
1000
0000
0000
0100
0000
0000
0000
0000
3000
0000
0000
0020
0001
0000
0100
0000
,
1000
0000
0000
0000
0020
0000
0002
0000
0300
0000
3000
0000
0001
0010
0100
0000
,
4000
0000
0000
0000
0040
1000
0000
0200
0000
0020
0000
0002
0000
3000
0000
0020
,
0002
0000
0040
4000
0010
0100
1000
0010
,
0300
0000
0000
0000
0000
0000
0001
0000
0100
0000
0000
0000
3000
0000
0001
0010
,
0100
0000
0000
0000
4000
0001
0010
0100
1000
0000
0000
0000
0010
0000
0000
0000
,
1000
0000
0000
0040
0000
0000
0000
0300
3000
0000
0000
0000
0001
0000
0000
0000
,
1000
0000
0004
0000
4000
0020
0300
0000
,
1000
0020
0300
0000
1000
0020
0300
3000
,
0001
0000
1000
0000
4000
0010
0100
0000
,
1000
0020
0300
4000
0002
0030
0300
0002
,
1000
0000
0001
0000
1000
0010
0100
0000
,
4000
0020
0300
0000
1000
0020
0300
1000
,
0001
0100
0004
0400
,
4000
0020
0300
0002
,
0400
0000
0000
0000
0000
0000
1000
0100
0010
0001
0000
0000
4000
0000
0000
0004
0000
0000
0200
0000
0000
0000
0000
0000
,
0000
4000
0020
0000
0300
0000
0020
0000
0300
1000
0010
0000
4000
0000
0000
0000
,
0001
0000
1000
0000
1000
0010
0100
0000
,
1000
0000
0010
0000
0100
0000
1000
0010
0001
0100
0010
0100
1000
0001
0010
0001
,
1000
0000
0000
0000
0004
0000
0000
0000
1000
0000
0020
0000
0300
0000
1000
0010
,
0001
0000
3000
0020
0300
0000
0001
0000
,
1000
0000
0010
0000
0300
0020
0002
0300
,
3000
0100
0001
0010
1000
0000
0010
0000
,
0100
0000
0000
0000
,
1000
0000
0010
0000
,
0001
0000
0000
0100
,
1000
0000
0001
0000
,
0010
0000
0000
0000
,
0010
0100
1000
0000
0000
0000
0000
0000
0002
0000
0000
0000
0000
0000
0000
0000
,
0030
0000
3000
0200
,
0001
0010
0100
0000
,
1000
0010
4000
0100
1000
0010
4000
0100
,
4000
0010
1000
0100
4000
0010
1000
0100
,
4000
0000
0010
0000
1000
0000
0100
0000
4000
0000
0010
0000
0001
0000
0030
0300
,
3000
0200
3000
0020
1000
0300
4000
0020
,
0001
0000
0000
0010
0100
0000
0010
0000
,
0004
0100
0010
0001
,
1000
0000
0030
0000
0100
1000
0100
0010
,
0001
0000
0000
0000
0000
0000
0000
0000
0030
0000
0000
0000
0000
0000
0010
0100
,
1000
0000
0000
0000
0010
0000
0000
0000
0001
0000
0000
0300
0000
0000
0020
0000
,
3000
0000
0000
0200
0000
0000
0000
0000
1000
0000
0000
0010
0001
0000
0100
0000
,
1000
0000
0000
0000
0020
0000
0002
0000
0300
0000
4000
0000
0001
0010
0100
0000
,
1000
0000
0000
0000
0020
4000
0000
0200
0000
0020
0000
0002
0000
3000
0000
0010
,
0001
0000
0020
1000
0010
0100
1000
0010
,
0100
0000
0000
0000
0000
0000
0001
0000
0200
0000
0000
0000
1000
0001
0010
0100
,
0000
0000
0000
0000
1000
0001
0010
0100
1000
0000
0000
0000
0010
0000
0000
0000
,
4000
0000
0000
0020
0000
0000
0000
0300
3000
0000
0000
0000
0002
0000
0000
0000
,
1000
0000
0000
0000
1000
0000
0000
0000
1000
0200
0020
0002
4000
0000
0000
0000
,
0200
0020
0002
0000
1000
0000
0001
0000
4000
0200
0020
0002
1000
0000
0000
0000
,
0100
0000
0010
0000
1000
0001
4000
0000
,
1000
0000
0001
0000
4000
0200
0020
0002
1000
0000
0000
0000
0010
0000
0000
0000
,
0100
0000
0000
0000
1000
0000
0000
0000
0200
0020
0002
0000
4000
0000
0000
0000
,
0200
0020
0002
0000
1000
0000
0001
0000
0200
0020
0002
0000
1000
0000
0100
0000
,
1000
0100
0001
1000
,
0010
0000
0000
0000
0000
0000
0030
0300
3000
0000
0000
0000
0001
0000
0000
0000
,
0100
0000
0000
0000
0000
0000
1000
0100
0010
0001
0000
0000
1000
0000
0001
0000
4000
0000
0004
0000
0000
0000
0000
0000
,
1000
0004
4000
0004
4000
0004
4000
0004
4000
0010
0000
0000
,
1000
0000
0000
0100
0000
0000
1000
0001
4000
0004
0000
0100
,
1000
0000
0010
0000
,
4000
0000
0000
0000
0000
0000
0000
0000
0000
0000
0000
0000
0001
0000
0000
0010
0000
0000
0100
0000
0000
1000
0000
0000
0001
0000
0000
0000
4000
0000
0000
0000
0004
0000
0000
0000
4000
0000
0000
0000
0000
0000
0000
0000
0000
0000
0000
0000
,
0100
0000
0000
1000
0001
4000
0004
0200
4000
0200
0020
0002
,
1000
0000
0001
0000
,
0100
0000
0000
0000
0000
0000
0030
0300
3000
0000
0000
0000
0000
0000
0000
0000
,
1000
0000
0000
0000
0010
0000
0000
0000
0001
0000
0000
0100
0000
0000
0010
0000
,
1000
0000
0000
0100
0000
0000
0001
0000
1000
0000
0000
0010
0001
0000
0100
0000
,
1000
0000
0000
0100
0010
0000
0001
0000
0100
0000
1000
0000
0001
0010
0100
0000
,
1000
0000
0000
0000
0010
1000
0000
0100
0000
0010
0000
0001
0000
1000
0000
0010
,
0001
0000
0000
0010
0000
0000
1000
0001
0010
0100
1000
0100
0010
0001
1000
0001
,
0100
0000
1000
0000
0010
0000
0001
0000
1000
0000
0000
0000
0100
0000
0001
0010
,
0100
0000
0000
0000
0010
0001
0010
0100
1000
0000
0000
0020
0002
0000
0000
0000
,
1000
0000
0000
0100
0000
0000
0010
0000
0001
0000
0000
0000
0100
0000
0000
0000
,
1000
0000
0000
0100
0000
0000
0010
0000
0001
0000
0000
0000
0000
0000
0000
0000
,
0000
0000
0000
0000
,
0000
0000
0000
0000
;
